 
江苏省兴化市人民法院
刑 事 判 决 书
（2019）苏1281刑初203号
公诉机关兴化市人民检察院。
被告人吴建国，男，1959年5月17日出生，个体经营，住兴化市。因涉嫌犯非法吸收公众存款罪，于2018年12月5日被兴化市公安局刑事拘留，2019年1月11日被执行逮捕。现羁押于兴化市看守所。
辩护人费采荣，江苏恒乐律师事务所律师。
被告人刘英，女，1957年3月7日出生，个体经营，住兴化市。因涉嫌犯非法吸收公众存款罪，于2019年1月2日被兴化市公安局刑事拘留，同年2月1日被执行逮捕。现羁押于泰州市看守所。
辩护人刘雁，江苏恒乐律师事务所律师。
辩护人殷鹏飞，江苏恒乐律师事务所实习律师。
兴化市人民检察院以兴检诉刑诉[2019]181号起诉书指控被告人吴建国、刘英犯非法吸收公众存款罪，于2019年4月8日向本院提起公诉。本院依法组成合议庭并适用简易程序，于2019年4月28日公开开庭审理了本案。兴化市人民检察院指派检察员成广进出庭支持公诉。被告人吴建国及其辩护人费采荣，被告人刘英及其辩护人刘雁、殷鹏飞到庭参加诉讼。现已审理终结。
公诉机关起诉指控，2012年至2018年期间，被告人吴建国未经有关部门依法批准，在兴化市周庄镇开设兴化市久利投资信息咨询有限公司，先后以兴化市久利投资信息咨询有限公司、个人的名义，伙同被告人刘英，通过“口口相传”的形式，以年息10%、20%等利率为诱饵，向社会不特定公众冯某、韩某、腾某等200余人非法吸收公众存款19615100元，支付利息1788560元，归还本金275000元，目前造成实际经济损失17551540元。该两名被告人在非法吸收公众存款的过程中，主要由被告人吴建国对外开具收据，所非法吸收的存款由被告人吴建国负责支配，用于加息后转借他人，赚取利息差。被告人吴建国不在场或者在吴建国要求的情况下，被告人刘英负责对外开具收据，被告人刘英经手的收据共185份，涉及资金5330000元。
被告人吴建国、刘英于案发后自动投案，到案后如实供述自己的犯罪事实。
为支持上述指控，公诉机关当庭出示、宣读了被告人吴建国、刘英的供述，证人冯某、韩某、腾某、黄某、肖某、刘某甲、刘某乙、顾某的证言，书证：兴化市公安局出具或提取的人口基本信息、受案登记表、归案情况说明、接受证据清单及收据、笔记本、工商注册资料、聊天记录、房产信息查询表、银行卡交易明细、收据、银行流水等。并据此认为，被告人吴建国、刘英非法吸收公众存款，数额巨大，其行为均已触犯《中华人民共和国刑法》第一百七十六条第一款、第二十五条第一款的规定，犯罪事实清楚，证据确实、充分，应当以非法吸收公众存款罪追究两名被告人的刑事责任，且系共同犯罪。被告人吴建国、刘英均于案发后自动投案，如实供述自己的犯罪事实，根据《中华人民共和国刑法》第六十七条第一款的规定，可以从轻或者减轻处罚。被告人刘英在共同犯罪中起次要作用，根据《中华人民共和国刑法》第二十七条的规定，系从犯，应当从轻或者减轻处罚。
被告人吴建国、刘英对指控的罪名和犯罪事实均无异议。
被告人吴建国的辩护人提出如下辩护意见：1.被告人吴建国具有自首情节，依法可以从轻或减轻处罚；2.被告人吴建国主观恶性小，其在吸收公众存款中处于被动地位，从未进行大规模的宣传，很多受害人是因被告人吴建国的信誉主动投资，被告人吴建国属被动吸收公众存款；3.被告人吴建国系初犯，没有任何的前科劣迹，认罪认罚态度好，并积极挽回被害人的损失。综上，请求对被告人吴建国从轻处罚。
被告人刘英辩护人提出如下辩护意见：1.被告人刘英系从犯，在本次非法吸收公众存款的犯罪中起辅助作用，应从轻或减轻处罚；2.被告人刘英成立自首，依法应该减轻处罚；3.被告人刘英系初犯，没有任何的前科劣迹，认罪认罚态度好，并积极挽回被害人损失；4.被告人刘英身体不好，希望对其适用缓刑，由其向债务人主张债权，用于偿还给受害人，减轻受害人损失。综上，请求法院对被告人刘英从轻、减轻处罚。
经审理查明：被告人吴建国、刘英于2012年至2018年期间，未经有关部门依法批准，在兴化市周庄镇开设兴化市久利投资信息咨询有限公司，先后以兴化市久利投资信息咨询有限公司、个人的名义，伙同被告人刘英，通过“口口相传”的形式，以年息10%、20%等利率为诱饵，向社会不特定公众冯某、韩某、腾某等200余人非法吸收公众存款19615100元，支付利息1788560元，归还本金275000元，目前造成实际经济损失17551540元。（详见追缴清单）
该两名被告人在非法吸收公众存款的过程中，主要由被告人吴建国对外开具收据，非法吸收的存款由被告人吴建国负责支配，用于加息后转借他人，赚取利息差。被告人吴建国不在场或者在吴建国要求的情况下，被告人刘英负责对外开具收据，被告人刘英经手的收据共185份，涉及资金5330000元。
案发后，被告人吴建国、刘英主动投案，如实供述自己的罪行，并在公诉机关签署了认罪认罚具结书。
上述事实，被告人吴建国、刘英及其辩护人在开庭审理过程中未提出异议，被告人吴建国、刘英亦在庭前自愿签署认罪认罚具结书，且有证人冯某、韩某、腾某、黄某、肖某、刘某甲、刘某乙、顾某等人的证言；书证：兴化市公安局出具或提取的人口基本信息、受案登记表、归案情况说明、接受证据清单及收据、笔记本、工商注册资料、聊天记录、房产信息查询表、银行卡交易明细、收据、银行流水等证据证实，足以认定。
本院认为，被告人吴建国、刘英违反国家金融管理制度，非法吸收公众存款，数额巨大，其行为均已构成非法吸收公众存款罪，且系共同犯罪。公诉机关起诉指控被告人吴建国、刘英犯罪的基本事实清楚，证据确实充分，罪名成立，本院予以支持。被告人吴建国、刘英自动投案，如实供述自己的罪行，系自首，可以从轻或者减轻处罚。被告人刘英在共同犯罪中起次要辅助作用，系从犯，应当从轻或者减轻处罚。关于被告人吴建国的辩护人提出被告人吴建国具有自首情节，依法可从轻或减轻处罚的辩护意见，经查属实，予以采纳。关于被告人刘英的辩护人提出被告人刘英具有自首情节且在本案中起辅助作用，应认定为从犯对其从轻、减轻处罚的辩护意见，经查属实，予以采纳。关于被告人吴建国的辩护人提出被告人吴建国主观恶性小，系初犯，没有任何的前科劣迹，认罪认罚态度好，并积极挽回被害人的损失及被告人刘英的辩护人提出被告人刘英系初犯，没有任何的前科劣迹，认罪认罚态度好，并积极挽回被害人损失，被告人刘英身体不好，希望对刘英适用缓刑的辩护意见，经查，首先本案犯罪数额巨大，涉及人数众多且涉案的集资参与人大部分为老年人，社会危害性较大，不具备初犯从轻处罚的情形；其次，案发后截止一审宣判以前，两名被告人对大部分吸收的资金数额未实际退赃，未能弥补被害人损失，仅有挽回被害人损失的愿望不能作为对被告人从轻处罚的依据；第三，被告人刘英虽陈述其身体不适，但结合本案中受害人数、造成的损失、被告人刘英在共同犯罪中所起作用等，对被告人刘英不宜适用缓刑。本院对上述辩护意见不予采纳。被告人吴建国、刘英在公诉机关签署认罪认罚具结书并当庭自愿认罪，亦可酌情从轻处罚。综上，本院决定对两名被告人均从轻处罚。据此，为严肃国家法制，惩治犯罪，维护社会管理秩序，依照《中华人民共和国刑法》第一百七十六条第一款、第二十五条第一款、第六十七条第一款、第二十七条、第六十四条，《中华人民共和国刑事诉讼法》第十五条之规定，判决如下：
一、被告人吴建国犯非法吸收公众存款罪，判处有期徒刑六年，并处罚金人民币十五万元。
（刑期自判决执行之日起计算。判决执行以前先行羁押的，羁押一日折抵刑期一日，即自2018年12月5日起至2024年12月4日止。罚金限于本判决生效后一个月内向本院缴纳。）
二、被告人刘英犯非法吸收公众存款罪，判处有期徒刑三年三个月，并处罚金人民币八万元。
（刑期自判决执行之日起计算。判决执行以前先行羁押的，羁押一日折抵刑期一日，即自2019年1月2日起至2022年4月1日止。罚金限于本判决生效后一个月内向本院缴纳。）
三、未退出的赃款人民币一千七百五十五万一千五百四十元予以追缴，发还相关集资参与人（赃款追缴清单附后）。
四、随案移送的被告人吴建国、刘英笔记本一册，予以没收。
如不服本判决，可在接到判决书的第二日起十日内通过本院或者直接向江苏省泰州市中级人民法院提出上诉，书面上诉的，应当提交上诉状正本一份，副本二份。
审判长　陈　文
审判员　於　建
审判员　周鑫涛
二〇一九年五月十七日
书记员　邹佳慧
书记员　倪　萍
附：被告人徐淑珍、周建军非法吸收公众存款案明细表（追缴清单） （货币单位：人民币/元）序号姓名借款数额已还本金已还利息造成损失
（追缴数额）1颜存桂100000001000002颜勇10000009600904003冯太云130000001300004韩兰英110000001100005滕国付120000100001190006黄文鑫3000000120002880007宗国兰280000072002728008周桃红4000000400009杨兰粉15000002400012600010张晓娜500000120003800011祝迎梅1000000010000012蒋根宝3000000860029140013胡国成18000001200016800014刘粉龙55000005500015刘粉红60000018005820016刘加顺20000012001880017费志良50000060004400018费秋扣1000002400760019颜存照60000004080055920020宗国才5000000050000021宗建明1050000024000102600022陈勤儿43000004300023张恒龙600000102004980024蒋长春800000192006080025朱小红50000005000026滕国飞75000030007200027李大网360000360028江根林1050001400009100029胡新生1400000014000030费玉华1100000015000095000031周长发345000500001320028180032张秀兰30000003000033刘剑针370000110002600034王有志1000000300007000035刘继银95000009500036陈扣红90000024008760037刘宝旺1200000630005700038费秋香540000014000040000039许春花300000013500016500040韩红林500000120003800041王友山880000180007000042高往珍1440000014400043申勇卫300000500007200017800044宗红扣1560000360015240045李团九60000006000046顾红粉20500001200019300047田龙扣40000048003520048颜存龙35000024003260049颜俊30000003000050刘萍75000036007140051刘六喜300000300052严俊林70000060006400053唐雨林100000100054张来元52000005200055乔年兔18000001800056孙爱梅45000004500057袁克兵98000036009440058杨美琳1600000230015770059颜春桂600000600060景龙英24000002400061陈爱兵16000001600062陈东梅10000001000063顾林如48000004800064颜玉琪30000003000065董存山32000012003080066周玉凤50000005000067费贵华16000001600068周玉琴90000009000069高春荣1200000012000070宗粉根30000036002640071陈芳35000003500072陆小陈75000007500073陈步同60000006000074颜妹90000009000075颜存德1300000013000076吴宏秀45000048004020077钱圣余90000009000078颜存照30000036002640079陈金风40000004000080杨巧玲2000000020000081颜润民10000001000082刘根年30000030002700083费玉宏1000000120008800084周付12000001200010800085马秀英30000003000086孙正华30000024002760087费桂良1000005300470088彭为顺55000500042004580089李巧鸾500001200380090刘时元80000036007640091刘才林20000002000092腾家英30000003000093孙建云35000042003080094刘元风90000060008400095顾桂红80000096007040096柏芳800000108006920097柏长征30000048002520098马宝妹1100000011000099费登林16200002160159840100周五三10000012008800101费高华500000600044000102翟桂女200000020000103张贵英200000240017600104颜玉高1050000720097800105高来玲7000001320056800106陈爱兰200000240017600107陈世满300000360026400108严兔兰300000360026400109周凤林200000020000110刘兔粉8000008000111伏巧南140000014000112宗小兔687000068700113吴正荣350000035000114高德功200000240017600115高秋萍500000050000116焦兰宏200000240017600117丁小红200000300017000118刘龙扣7800001300065000119校粉珍200000020000120刘粉扣150000015000121张来红500000600044000122刘维金500000600044000123林作风500000050000124陈学来300000360026400125刘来章200000240017600126刘维善650000300062000127刘维宏300000360026400128金万益100000010000129庄马扣140000016800123200130武信元400000300037000131孙粉英10000024007600132周永太11000006000104000133姚年祥300000120028800134朱学富5000005000135朱学英540000240051600136颜加宝20800000208000137周访田130000013000138周访林600000060000139陈凤明415000041500140仇爱萍800000080000141江响林790000552073480142江社红870000928077720143江美红10600000106000144朱春柏650000065000145陈建旺550000055000146朱春辉360000192034080147刘步荣300000030000148杨国平31000003000307000149王怀扣500000600044000150颜桂宝10000012008800151宗玉堂10000003600064000152周存妹200000480015200153韩志英300000013200286800154江林500000050000155周仁旺130000019200110800156周方梅400000040000157朱材宝500000050000158颜寿同200000480015200159费爱宏15100001560149440160费红桂600000060000161费采香6000006000162吴春元22100009360211640163吴永梅360000036000164华风萍265000500028800231200165薛静11000000110000166江扣珍700000070000167陈银宝630000063000168高锦余100000010000169吴永桂13100004800126200170吴巧兰10000036006400171刘志宏8000008000172周桂英300000030000173刘维宝14500009600135400174王高喜200000720012800175吴亚兰10000000100000176张春平100000010000177王学扣8100000279480530520178林龙扣400000040000179张汉俊150000024000126000180刘占芳320000180030200181徐惠芳250000600019000182周志诚500000050000183袁荣富200000020000184吴艮宝13000000130000185季友圣11600009600106400186费爱群580000144056560187陈红兆380008003000188朱粉珍200000024000176000189宗长海940000240091600190费巧根4000004000191宗俊满300000030000192陈兔山390000039000193陈来往600000060000194陈怀珍400004803520195费存钱10000024007600196刘粉扣5500005500197张玉勤300000720022800198张登林12000006000114000199黄云贵800000080000200费存梅30700015000035760121240201周小洁800000080000202朱春雨700000720062800203马龙英200000020000204汪俊和100000010000205王井林5900000120000470000合计 19615100275000178856017551540附：相关的法律条文
《中华人民共和国刑法》
第一百七十六条非法吸收公众存款或者变相吸收公众存款，扰乱金融秩序的，处三年以下有期徒刑或者拘役，并处或者单处二万元以上二十万元以下罚金；数额巨大或者有其他严重情节的，处三年以上十年以下有期徒刑，并处五万元以上五十万元以下罚金。
……
第二十五条共同犯罪是指二人以上共同故意犯罪。
……
第二十七条在共同犯罪中起次要或者辅助作用的，是从犯。
对于从犯，应当从轻、减轻处罚或者免除处罚。
第六十七条犯罪以后自动投案，如实供述自己的罪行的，是自首。对于自首的犯罪分子，可以从轻或者减轻处罚。其中，犯罪较轻的，可以免除处罚。
……
第六十四条犯罪分子违法所得的一切财物，应当予以追缴或者责令退赔；对被害人的合法财产，应当及时返还；违禁品和供犯罪所用的本人财物，应当予以没收。没收的财物和罚金，一律上缴国库，不得挪用和自行处理。
《中华人民共和国刑法》
第十五条犯罪嫌疑人、被告人自愿如实供述自己的罪行，承认指控的犯罪事实，愿意接受处罚的，可以依法从宽处理。
 
